         Mixed Linear Model Regression Results
=======================================================
Model:            MixedLM Dependent Variable: ATR      
No. Observations: 1818    Method:             REML     
No. Groups:       104     Scale:              0.0011   
Min. group size:  6       Log-Likelihood:     3355.2390
Max. group size:  18      Converged:          Yes      
Mean group size:  17.5                                 
-------------------------------------------------------
            Coef.  Std.Err.    z    P>|z| [0.025 0.975]
-------------------------------------------------------
Intercept    1.240    0.029  42.514 0.000  1.182  1.297
PSC          1.018    0.034  30.104 0.000  0.952  1.085
TBC         -0.011    0.000 -41.546 0.000 -0.012 -0.011
GGS          1.022    0.033  31.381 0.000  0.958  1.086
FPS          0.815    0.050  16.396 0.000  0.717  0.912
WCT          0.841    0.073  11.518 0.000  0.698  0.984
EMS          0.745    0.043  17.515 0.000  0.662  0.828
OPS          0.699    0.122   5.750 0.000  0.461  0.937
TRS          0.804    0.031  26.263 0.000  0.744  0.864
EHS          1.658    0.096  17.202 0.000  1.469  1.847
PHS          1.036    0.172   6.010 0.000  0.698  1.374
EDS          0.799    0.050  15.872 0.000  0.701  0.898
RCS          1.013    0.034  29.730 0.000  0.947  1.080
DBC          0.895    0.030  29.620 0.000  0.836  0.955
TRN          0.807    0.030  26.990 0.000  0.748  0.866
DFC          1.151    0.050  23.080 0.000  1.053  1.249
UGR         -0.796    0.031 -25.814 0.000 -0.857 -0.736
OGS         -0.776    0.037 -20.776 0.000 -0.849 -0.703
SOS         -1.131    0.050 -22.847 0.000 -1.228 -1.034
OSR         -0.962    0.049 -19.690 0.000 -1.058 -0.866
CTR         -0.725    0.047 -15.271 0.000 -0.818 -0.632
OTR         -0.852    0.048 -17.695 0.000 -0.947 -0.758
BIS         -0.820    0.043 -19.250 0.000 -0.904 -0.737
POP         -0.004    0.001  -3.920 0.000 -0.006 -0.002
MPSA        -0.032    0.017  -1.866 0.062 -0.065  0.002
MUNI        -0.012    0.019  -0.622 0.534 -0.050  0.026
PSC_mean     0.076    0.176   0.430 0.667 -0.269  0.421
TBC_mean    -0.004    0.001  -4.370 0.000 -0.006 -0.002
GGS_mean     0.603    0.133   4.528 0.000  0.342  0.863
FPS_mean     0.311    0.160   1.948 0.051 -0.002  0.624
WCT_mean     0.013    0.222   0.057 0.954 -0.422  0.447
EMS_mean     0.987    0.295   3.342 0.001  0.408  1.565
OPS_mean     1.362    0.843   1.615 0.106 -0.291  3.014
TRS_mean     0.341    0.113   3.009 0.003  0.119  0.563
EHS_mean    -0.846    0.339  -2.497 0.013 -1.510 -0.182
PHS_mean     1.367    0.876   1.560 0.119 -0.350  3.084
EDS_mean     0.568    0.201   2.819 0.005  0.173  0.963
RCS_mean     0.220    0.118   1.870 0.061 -0.011  0.451
DBC_mean     0.470    0.139   3.385 0.001  0.198  0.743
TRN_mean     0.638    0.161   3.950 0.000  0.321  0.954
DFC_mean     0.347    0.605   0.574 0.566 -0.839  1.534
UGR_mean     0.309    0.164   1.881 0.060 -0.013  0.630
OGS_mean    -0.595    0.130  -4.572 0.000 -0.849 -0.340
SOS_mean    -0.219    0.194  -1.129 0.259 -0.600  0.161
OSR_mean    -0.740    0.209  -3.547 0.000 -1.149 -0.331
CTR_mean    -0.593    0.360  -1.647 0.100 -1.299  0.113
OTR_mean    -0.537    0.230  -2.339 0.019 -0.987 -0.087
BIS_mean    -0.459    0.482  -0.953 0.341 -1.404  0.486
POP_mean     0.002    0.001   1.564 0.118 -0.001  0.004
Group Var    0.002    0.009                            
=======================================================
