         Mixed Linear Model Regression Results
=======================================================
Model:            MixedLM Dependent Variable: log_ATR  
No. Observations: 1818    Method:             REML     
No. Groups:       104     Scale:              0.0007   
Min. group size:  6       Log-Likelihood:     3720.3673
Max. group size:  18      Converged:          Yes      
Mean group size:  17.5                                 
-------------------------------------------------------
            Coef.  Std.Err.    z    P>|z| [0.025 0.975]
-------------------------------------------------------
Intercept    0.206    0.021   9.993 0.000  0.166  0.247
PSC          0.758    0.028  27.401 0.000  0.703  0.812
TBC         -0.008    0.000 -36.788 0.000 -0.009 -0.008
GGS          0.775    0.027  29.133 0.000  0.723  0.828
FPS          0.596    0.041  14.683 0.000  0.517  0.676
WCT          0.598    0.060  10.020 0.000  0.481  0.715
EMS          0.514    0.035  14.775 0.000  0.446  0.582
OPS          0.449    0.099   4.514 0.000  0.254  0.643
TRS          0.549    0.025  21.927 0.000  0.500  0.598
EHS          1.233    0.079  15.647 0.000  1.078  1.387
PHS          0.743    0.141   5.275 0.000  0.467  1.019
EDS          0.581    0.041  14.107 0.000  0.500  0.661
RCS          0.729    0.028  26.166 0.000  0.674  0.784
DBC          0.653    0.025  26.448 0.000  0.605  0.702
TRN          0.586    0.024  23.992 0.000  0.538  0.634
DFC          0.872    0.041  21.393 0.000  0.792  0.952
UGR         -0.590    0.025 -23.400 0.000 -0.639 -0.541
OGS         -0.540    0.031 -17.685 0.000 -0.600 -0.480
SOS         -0.826    0.040 -20.400 0.000 -0.905 -0.746
OSR         -0.713    0.040 -17.859 0.000 -0.792 -0.635
CTR         -0.485    0.039 -12.485 0.000 -0.561 -0.409
OTR         -0.634    0.039 -16.110 0.000 -0.711 -0.557
BIS         -0.592    0.035 -16.985 0.000 -0.660 -0.523
POP         -0.003    0.001  -3.186 0.001 -0.004 -0.001
PSC_mean     0.090    0.122   0.733 0.464 -0.150  0.329
TBC_mean    -0.004    0.001  -5.808 0.000 -0.006 -0.003
GGS_mean     0.519    0.105   4.931 0.000  0.313  0.725
FPS_mean     0.273    0.126   2.163 0.031  0.026  0.520
WCT_mean     0.194    0.169   1.148 0.251 -0.137  0.525
EMS_mean     0.854    0.233   3.661 0.000  0.397  1.312
OPS_mean     1.324    0.665   1.990 0.047  0.020  2.628
TRS_mean     0.375    0.089   4.230 0.000  0.201  0.549
EHS_mean    -0.510    0.267  -1.910 0.056 -1.033  0.013
PHS_mean     1.086    0.691   1.572 0.116 -0.268  2.440
EDS_mean     0.506    0.155   3.261 0.001  0.202  0.810
RCS_mean     0.212    0.093   2.287 0.022  0.030  0.394
DBC_mean     0.438    0.108   4.058 0.000  0.226  0.649
TRN_mean     0.678    0.127   5.355 0.000  0.430  0.926
DFC_mean     0.069    0.473   0.146 0.884 -0.858  0.996
UGR_mean     0.077    0.127   0.612 0.540 -0.171  0.326
OGS_mean    -0.539    0.101  -5.328 0.000 -0.737 -0.341
SOS_mean    -0.128    0.152  -0.841 0.400 -0.427  0.171
OSR_mean    -0.571    0.164  -3.477 0.001 -0.893 -0.249
CTR_mean    -0.599    0.285  -2.105 0.035 -1.157 -0.041
OTR_mean    -0.523    0.181  -2.885 0.004 -0.878 -0.168
BIS_mean    -0.470    0.380  -1.237 0.216 -1.214  0.274
POP_mean     0.001    0.001   0.775 0.438 -0.001  0.003
Group Var    0.001    0.007                            
=======================================================
