         Mixed Linear Model Regression Results
========================================================
Model:            MixedLM Dependent Variable: ATR       
No. Observations: 1818    Method:             REML      
No. Groups:       104     Scale:              0.0000    
Min. group size:  6       Log-Likelihood:     11598.8888
Max. group size:  18      Converged:          Yes       
Mean group size:  17.5                                  
--------------------------------------------------------
             Coef.  Std.Err.    z    P>|z| [0.025 0.975]
--------------------------------------------------------
Intercept     0.012    0.000  49.020 0.000  0.011  0.012
PSC           1.009    0.036  28.123 0.000  0.938  1.079
TBC          -0.011    0.000 -39.269 0.000 -0.012 -0.011
NEC           0.897    0.022  41.095 0.000  0.854  0.939
UGR          -0.714    0.031 -23.030 0.000 -0.775 -0.653
OGS          -0.756    0.033 -22.815 0.000 -0.821 -0.691
SOS          -1.009    0.041 -24.586 0.000 -1.089 -0.928
OSR          -0.799    0.050 -15.920 0.000 -0.897 -0.700
CTR          -0.873    0.032 -27.018 0.000 -0.936 -0.810
OTR          -0.893    0.051 -17.675 0.000 -0.992 -0.794
BIS          -0.874    0.043 -20.262 0.000 -0.959 -0.790
MPSA          0.000    0.000   0.974 0.330 -0.000  0.001
MUNI          0.000    0.000   0.320 0.749 -0.000  0.000
PSC_mean     -0.040    0.173  -0.229 0.819 -0.380  0.300
TBC_mean     -0.003    0.001  -3.019 0.003 -0.004 -0.001
NEC_mean      0.231    0.073   3.158 0.002  0.087  0.374
UGR_mean      0.411    0.166   2.482 0.013  0.086  0.735
OGS_mean     -0.410    0.112  -3.650 0.000 -0.631 -0.190
SOS_mean     -0.171    0.153  -1.119 0.263 -0.471  0.129
OSR_mean     -0.447    0.199  -2.252 0.024 -0.837 -0.058
CTR_mean      0.059    0.271   0.220 0.826 -0.471  0.590
OTR_mean     -0.330    0.234  -1.413 0.158 -0.788  0.128
BIS_mean     -0.561    0.471  -1.192 0.233 -1.483  0.361
Group Var     0.000    0.000                            
========================================================
