         Mixed Linear Model Regression Results
========================================================
Model:            MixedLM Dependent Variable: ATR       
No. Observations: 1818    Method:             REML      
No. Groups:       104     Scale:              0.0000    
Min. group size:  6       Log-Likelihood:     11675.0345
Max. group size:  18      Converged:          Yes       
Mean group size:  17.5                                  
--------------------------------------------------------
             Coef.  Std.Err.    z    P>|z| [0.025 0.975]
--------------------------------------------------------
Intercept     0.013    0.000  40.450 0.000  0.012  0.013
PSC           1.028    0.033  30.763 0.000  0.963  1.094
TBC          -0.011    0.000 -41.645 0.000 -0.012 -0.011
GGS           1.066    0.032  32.958 0.000  1.003  1.129
FPS           0.856    0.042  20.297 0.000  0.774  0.939
WCT           0.858    0.075  11.505 0.000  0.712  1.004
EMS           0.821    0.031  26.269 0.000  0.759  0.882
OPS           0.674    0.123   5.502 0.000  0.434  0.914
TRS           0.809    0.031  26.485 0.000  0.749  0.869
EHS           1.692    0.097  17.401 0.000  1.501  1.882
PHS           1.014    0.174   5.823 0.000  0.673  1.355
EDS           0.750    0.051  14.721 0.000  0.650  0.850
RCS           0.875    0.029  29.660 0.000  0.817  0.933
DBC           0.881    0.031  28.891 0.000  0.821  0.941
TRN           0.797    0.029  27.725 0.000  0.740  0.853
DFC           1.076    0.048  22.214 0.000  0.981  1.171
NRC          -0.822    0.026 -31.588 0.000 -0.873 -0.771
MPSA          0.000    0.000   0.169 0.866 -0.000  0.000
MUNI         -0.000    0.000  -0.635 0.526 -0.001  0.000
PSC_mean      0.588    0.188   3.130 0.002  0.220  0.957
TBC_mean     -0.006    0.001  -5.786 0.000 -0.008 -0.004
GGS_mean      0.603    0.156   3.858 0.000  0.297  0.909
FPS_mean      0.013    0.159   0.079 0.937 -0.300  0.325
WCT_mean      0.280    0.254   1.104 0.270 -0.217  0.778
EMS_mean      0.842    0.276   3.049 0.002  0.301  1.383
OPS_mean      0.560    0.967   0.579 0.562 -1.335  2.455
TRS_mean      0.469    0.124   3.768 0.000  0.225  0.713
EHS_mean     -0.429    0.398  -1.076 0.282 -1.209  0.352
PHS_mean      1.081    0.935   1.155 0.248 -0.753  2.914
EDS_mean      0.395    0.237   1.666 0.096 -0.070  0.859
RCS_mean      0.345    0.121   2.855 0.004  0.108  0.582
DBC_mean      0.541    0.150   3.606 0.000  0.247  0.835
TRN_mean      0.750    0.184   4.085 0.000  0.390  1.110
DFC_mean     -0.051    0.700  -0.073 0.942 -1.422  1.320
NRC_mean     -0.430    0.121  -3.569 0.000 -0.666 -0.194
Group Var     0.000    0.000                            
========================================================
